3000265666
3000265844
3000267138
3000267743
3000273117
3000273372
3000273374
3000297599
3000298527
3000298679
3000305184
3000306939
3000307374
3000307517
3000307522
3000324228
3000324290
3000324476
3000324769
3000346209
3000346455
3000348095
3000363512
3000372084
3000372395
3000372794
3000378180
3000396333
3000396349
3000396956
3000396993
3000397224
3000397234
3000409266
3000428495
3000429353
3000435636
3000435772
3000436227
3000446822
3000446868
3001353682
3001355187
3001355473
3001359605
3001359609
3001359642
3001359843
3001360164
3001360295
3001360318
3001360517
3001360532
3001360601
3001360619
3001360638
3001360639
3001360658
3001388031
3001388115
3001420065
3001420253
3001420839
3001421259
3001421260
3001421489
3001421890
3001422057
3001422307
3001467165
3001467342
3001467440
3001467528
3001467567
3001467606
3001467806
3001468094
3001468141
3001468160
3001468161
3001468164
3001468186
3001468277
3001527428
3001527635
3001527744
3001527745
3001528182
3001528314
3001528325
3001528657
3001528671
3001568497
3001568686
3001568765
3001569037
3001569057
3001569062
3001569615
3001569663
3001569677
3001569738
3001569782
3001569937
3001570627
3001582961
3001583055
3001583851
3001583897
3001583911
3001635116
3001635301
3001635328
3001635734
3001636002
3001636408
3001636861
3001675263
3001675719
3001675722
3001675763
3001675777
3001675780
3001676259
3001700228
3001700498
3001700499
3001700604
3001700878
3001701360
3001723003
3001723223
3001723241
3001723478
3001723497
3001723518
3001723602
3001723655
3001723656
3001723727
3001723804
3001723940
3001724191
3001724198
3001809060
3001809832
3001809965
3001834399
3001834400
3001960502
3001961393
3001961396
3001961600
3001961671
3001961790
3001961900
3001961943
3001961985
3001962294
3001978077
3002070817
3002071048
3002071640
3002071642
3002073779
3002140763
3002195873
3002195922
3002196192
3002196241
3002196267
3002196676
3002196900
3002196925
3002196951
3002197169
3002197243
3002197313
3002198781
3002199075
3004033041
3004033531
3004033781
3004037595
3004038624
3004052199
3004054217
3004054284
3004141810
3004141866
3004142142
3004143872
3004143997
3004300287
3004301016
3004301131
3004301825
3004302041
3004311340
3004312955
3004312984
3004313235
3004313352
3004313602
3004314334
3004314386
3004314518
3004314584
3004325312
3004325806
3004327944
3004328062
3004329428
3004329574
3004339489
3004339753
3004340094
3004340119
3004340199
3004341104
3004341135
3004341228
3004342091
3004342136
3004355387
3004357308
3004357585
3004357858
3004357950
3004358408
3004358428
3004565769
3004565971
3004565978
3004566047
3004567332
3004639980
3004640871
3004641059
3004641223
3004641334
3004641546
3004664974
3004665170
3004665225
3004665299
3004666153
3004702052
3004702053
3004702126
3004702258
3004703469
3004748732
3004748772
3004749435
3004750615
3004769485
3004770912
3004771616
3004771704
3004832671
3004833709
3004833743
3004833852
3004833881
3004833932
3004833934
3004834003
3004834119
3004834401
3004834968
3004835096
3004835124
3004835425
3004835426
3004835558
3004835969
3004904778
3004904799
3004905161
3004905522
3004906694
3004907093
3004907129
3004907196
3004915837
3004916018
3004916041
3004941093
3004942641
3004942909
3005104256
3005105162
3005152908
3005153172
3005153837
3005154366
3005224941
3005225489
3005225542
3005550735
3005565236
3005565796
3005565906
3005566312
3005566391
3005566392
3005566431
3005567080
3005567228
3005567239
3005567276
3005567899
3005586819
3005586836
3005587359
3009638892
3009639764
3009640915
3009641087
3009641218
3009642025
3009642430
3009642707
3010441163
3010441164
3010441214
3010441822
3010441841
3010442062
3010442103
3010442452
3010442473
3010443112
3011095145
3011096517
4014403486
4014404966
4014404994
4014405064
4014405471
4014406735
4014406782
4014406923
4014571562
4014572567
4014572644
4014572645
4014573726
4014574583
4014574620
4014574621
4014574635
4014574643
4014574665
4014576251
4014576270
4014577604
4015076839
4015079267
4015079358
4015079415
4015079582
4015079584
4015934395
4015935235
4015939750
4016870273
4016870285
4016871935
4016871974
4024215684
4024215718
4024217225
4024217291
4024217312
4024217317
4024217778
4024217819
4024221317
4024222110
4024270549
4024271604
4024272590
4024273872
4024273986
4024274520
4025202512
4025202669
4025203010
4025203259
4025792149
4025793263
4025794559
4025794621
4025795178
4025795698
4029324974
4029326161
4029360271
4029360340
4029360625
4029360875
4029361450
4029361808
4029361826
4029362086
4029362504
4029362674
4029362813
4029362911