3001996598
3001996736
3001998999
3002218490
3002218720
3002219141
3002219199
3002219420
3002219455
3002219502
3002221328
3002221959
3002448309
3002511693
3002512453
3002512463
3002512464
3002513296
3002613701
3002659054
3002659108
3002659229
3002659245
3002659368
3002659380
3002659962
3002682685
3002682944
3002683057
3002683148
3002683705
3002683844
3002683881
3002684037
3002684078
3002684112
3002684120
3002684212
3002684319
3002684321
3002684324
3002684566
3002684610
3002685197
3002685320
3002685322
3002778223
3002778406
3002778472
3002778537
3002778603
3002778616
3002778819
3002778860
3002778904
3002779032
3002779281
3002779287
3002779323
3002779634
3002779901
3002780174
3002780201
3002780204
3002786303
3002786766
3002786912
3002787008
3002787036
3002787146
3002787233
3002787234
3002787280
3002787439
3002787517
3002787632
3002787677
3002787736
3002787851
3002788056
3002788057
3002789029
3002789032
3002789068
3002874023
3002874241
3002874266
3002874294
3002874316
3002874319
3002874616
3002874617
3002874857
3002874956
3002874985
3002874999
3002875633
3002875655
3002876069
3002943312
3002943897
3002944209
3002944367
3002944464
3002944542
3002944655
3003058767
3003059028
3003059567
3003059715
3003126347
3003126377
3003126425
3003126582
3003127505
3003127614
3003127876
3003128655
3003128737
3003128945
3003129026
3003188841
3003188862
3003189661
3003189665
3003189960
3003190188
3003190269
3003191161
3003191438
3003283406
3003283427
3003283462
3003283519
3003283552
3003283649
3003284275
3003284329
3003284421
3003284861
3003284943
3003285169
3003285179
3003285202
3003285223
3003366292
3003366353
3003367215
3003414657
3003417723
3003442243
3003442288
3003443052
3003444510
3005298488
3005299292
3005301197
3005301237
3005301240
3005302309
3005370974
3005371732
3005408620
3005409087
3005409268
3005409495
3005409497
3005409826
3005410111
3005410284
3005410406
3005410803
3005411424
3005411425
3005411488
3005411621
3005454465
3005455121
3005455122
3005455299
3005455549
3005455683
3005455699
3005455701
3005455876
3005456294
3005456330
3005456490
3005456790
3005457655
3005457799
3005748733
3005749393
3005749530
3005749539
3005749726
3005750252
3005750569
3005750576
3005750596
3005753243
3005753263
3005780739
3005780819
3005780980
3005781237
3005781540
3005781594
3005781661
3005781847
3005843159
3005843510
3005843880
3005844132
3005844325
3005844525
3005987082
3005987278
3005987331
3005987932
3005987933
3005988014
3005988250
3005989887
3005990162
3005990368
3005992081
3006000038
3006000450
3006000451
3006000498
3006000846
3006000858
3006001103
3006001477
3006001976
3006002665
3006002834
3006002974
3006003064
3006003098
3006004247
3006004350
3006129817
3006129909
3006265593
3006266429
3006267135
3006267136
3006267139
3006268064
3006268080
3006268495
3006269215
3006271477
3006271598
3006512132
3006575843
3006575863
3006576003
3006576680
3006577162
3006577179
3006577857
3006578039
3006578628
3006579555
3006579845
3006580115
3006580437
3006580814
3006580845
3006581176
3006714574
3006714590
3006716116
3006716147
3011504988
3011505416
3011505437
3011505524
3011505944
3011506048
3011506065
3011506066
3011506747
3011507495
3011507606
3012054977
3012055158
3012056298
3012056452
3012056627
3012056860
3012056937
3012059146
3012059147
3012094752
3012094755
3012096397
3012131509
3012132202
3012132314
3012132460
3012132461
3012132462
3012133292
3012133348
3012133573
3012134354
3012346699
3012346727
3012347403
3012347710
3012347728
3012347973
3012348021
3012348164
3012348897
3012348990
3012349021
3012349453
3012349454
3012349850
3012350099
3012350273
4017560624
4017561344
4018043441
4018043489
4018076030
4018076157
4018076976
4018077041
4018077077
4018078297
4018078303
4018078867
4018079046
4018079109
4018080946
4018081020
4018849634
4018850300
4018850412
4018850413
4018850482
4018851537
4018852469
4018852973
4018854462
4018856048
4018934124
4018934196
4018934287
4018934289
4018937013
4018938239
4018938349
4018938351
4018938392
4018938497
4018938574
4018939359
4018939445
4018940462
4021026548
4021026627
4021030057
4021030172
4021030293
4021030614
4021030616
4021030617
4021031342
4021031818
4021031819
4021033319
4021293052
4021293527
4021293528
4021481932
4021485946
4026594100
4026594326
4026594352
4026594353
4026594381
4026594462
4026594940
4026595011
4026595141
4026609736
4026609969
4026610232
4026610720
4026610748
4026611064
4026611066
4026611463
4026611509
4026611755
4026611773
4026611854
4026611884
4026611885
4026611888
4028073290
4028073842
4028073985
4028074078
4028074360
4028074883
4028074903
4028076035
4028076219
4028076252
4028076311
4028076330
4028076343
4028076370
4028076375
4028076526
4028076547
4028076564
4028076679
4028076719
4028076937
4028077244
4028077313
4028077712
4028126529
4028126713
4028126717
4028126780
4028126821
4028126853
4028127085
4028127265
4028127487
4028127609
4028127620
4028127688
4028127810
4028128372
4028128505
4028128764
4028128931
4028306491
4028306508
4028306784
4028307306
4028307666
4028307851
4028307952
4028308172
4028308448
4028308461
4028510909
4028511164
4028511585